timestamp,topic,bloom_level,question_id,selected,correct_option,is_correct
2025-10-03 16:52:24,Basic Syntax,Analyze,178,a,a,True
2025-10-03 16:52:39,Basic Syntax,Analyze,340,a,a,True
2025-10-03 16:52:52,Basic Syntax,Apply,290,b,a,False
2025-10-03 16:53:30,Basic Syntax,Apply,286,c,a,False
2025-10-03 16:53:36,Basic Syntax,Apply,235,a,a,True
2025-10-03 16:54:03,Basic Syntax,Apply,240,b,a,False
2025-10-03 16:54:13,Basic Syntax,Apply,271,b,a,False
2025-10-03 16:54:23,Basic Syntax,Apply,287,b,a,False
2025-10-03 16:54:35,Basic Syntax,Apply,219,a,a,True
2025-10-03 16:54:42,Basic Syntax,Evaluate,444,a,a,True
2025-10-03 16:54:49,Basic Syntax,Evaluate,486,a,a,True
2025-10-03 16:54:55,Basic Syntax,Remember,89,a,a,True
2025-10-03 16:55:01,Basic Syntax,Remember,72,a,b,False
2025-10-03 16:55:07,Basic Syntax,Remember,15,a,b,False
2025-10-03 16:55:20,Basic Syntax,Remember,94,a,d,False
2025-10-03 16:55:32,Basic Syntax,Remember,33,a,a,True
2025-10-03 16:55:43,Basic Syntax,Understand,47,a,a,True
2025-10-03 16:55:50,Basic Syntax,Understand,57,a,a,True
2025-10-03 16:56:00,Basic Syntax,Apply,290,a,a,True
2025-10-03 16:56:13,Basic Syntax,Apply,286,a,a,True
2025-10-03 16:56:21,Basic Syntax,Apply,240,a,a,True
2025-10-03 16:56:31,Basic Syntax,Apply,271,a,a,True
2025-10-03 16:56:41,Basic Syntax,Apply,287,a,a,True
2025-10-03 16:57:21,Basic Syntax,Remember,72,a,b,False
2025-10-03 16:57:32,Basic Syntax,Remember,15,b,b,True
2025-10-03 16:57:40,Basic Syntax,Remember,94,b,d,False
